245969668958
245969234838
245969436535
245969443135
245969032057
245969138307
245969097392
245969044029
245969004015
245969798635
245969869727
245969026805
245969452796
245969128886
245969286568
245969494400
245969420288
245969368252
245969602379
245969472441
245969821700
245969364910
245969127442
245969870853
245969828528
245969504366
245969569296
245969528767
245969442478
245969919974
245969360370
245969203644
245969667958
245969564044
245969260373
245969630619
245969030972
245969962905
245969775865
245969579169
245969997432
245969303164
245969994937
245969906242
245969855329
245969528872
245969142020
245969933959
245969980482
245969996341
245969677917
245969819064
245969832243
245969448974
245969904465
245969431455
245969070510
245969180149
245969034652
245969504716
245969694482
245969789803
245969930974
245969589131
245969268920
245969238718
245969653625
245969193880
245969866608
245969703375
245969652708
245969136078
245969833432
245969213024
245969926249
245969939610
245969483284
245969945945
245969552426
245969945209
245969542621
245969410014
245969011084
245969499548
245969609125
245969403935
245969662392
245969997628
245969735146
245969120976
245969349822
245969177516
245969088896
245969828669
245969404600
245969195500
245969727599
245969281918
245969203116
245969781040
245969269218
245969842410
245969307399
245969093021
245969882437
245969509313
245969556374
245969205952
245969982797
245969092062
245969767928
245969766378
245969331562
245969893644
245969211674
245969371437
245969200126
245969094632
245969842990
245969750166
245969925651
245969093959
245969290359
245969598057
245969070042
245969168495
245969119118
245969480643
245969647232
245969572958
245969205515
245969194130
245969735971
245969901122
245969883854
245969973726
245969255886
245969387052
245969227243
245969415721
245969090811
245969853262
245969599583
245969192207
245969986778
245969732559
245969378704
245969819659
245969749471
245969465428
245969150640
245969513197
245969142492
245969421247
245969860143
245969347625
245969591621
245969886659
245969917843
245969260971
245969208551
245969227790
245969643592
245969186869
245969784710
245969239733
245969155951
245969465890
245969857898
245969596081
245969388133
245969496933
245969148819
245969361417
245969321314
245969694179
245969267925
245969667217
245969383892
245969929330
245969100652
245969625777
245969901311
245969564149
245969123857
245969019298
245969457000
245969831390
245969761686
245969528422
245969900885
245969424181
245969527410
245969502096
245969336171
245969516875
245969001154
245969959193
245969843808
245969321100
245969295019
245969585610
245969783356
245969008702
245969246052
245969745939
245969259014
245969011320
245969645803
245969224123
245969190382
245969905191
